,Year,USD,Ppl
0,2009,11.66459329661597,106774232.31234072
1,2010,17.780234623254977,113198037.29004674
2,2011,19.19624124764588,117504163.56909747
3,2012,19.274551375885455,117627983.55585097
4,2013,21.43322745308179,117946950.18698646
5,2014,27.384488483270005,144011342.401905
6,2015,19.745564273115367,113785302.46599
7,2016,18.434107287005528,113669917.29209699
8,2017,19.452504428783175,114109433.499772
9,2018,8.993812977989387,107417112.51015098
10,2019,5.240993721929889,71381247.943707
11,2020,7.457299624383773,17146007.280556
12,2021,0.00734297163,1282165.28
13,2005,3.4493267800742626,80833923.597049
14,2006,6.77058519876402,84705161.67757264
15,2007,9.075970788463955,87836135.65542066
16,2008,11.336868679080773,91164256.55565205
17,2001,1.7057370124381914,39508457.626162
18,2002,2.188161926128028,25887208.429362
19,2003,2.538011850543796,66030697.48137601
20,2004,2.642033075038068,74017149.09807199
21,1996,0.0009252810665605412,3710.0
22,1997,0.14669366105361933,1530885.642005
23,1998,0.4180733737124477,8043938.883044
24,1999,0.8606841519232732,11603009.020825
25,2000,1.1257605904305272,14069927.01623
